50
1100100010001111111110
0111010000
101000110010110001011111001
11001010100100
01010
0111011001000001100000
100001110000110100111100000010
0111
100010100111
10101010000101100110010110001
01010011110
0101011010011100
010000001010
10000100000000010000010101
0011000001011010
01100111
111100111001100101
0111011100
1101101100
1100000101100101100111
110101110111001010
100100001101000010011111110
111100
010110
00101010101011111100
00
1111000001000
111000000010101000011000000
10010010000110000111000110
1001110101111100110
110000000
0100010001010101011111010
00
111
0010111101011010000011001111
0
100101101
011100010010001001011101001110
000011
1001011101
10
0111110110
01101001110000
11010000110111101111111010101
011101001
0101011011010110110010111111
001110110110111
111011
00110100001001
011100111101000111
